
0
1.29559e-11
2.0626e-10
1.03899e-09
3.26733e-09
7.93709e-09
1.63763e-08
3.01877e-08
5.12421e-08
8.16706e-08
1.23858e-07
1.80436e-07
2.54276e-07
3.48484e-07
4.66391e-07
6.1155e-07
7.87726e-07
9.98894e-07
1.24923e-06
1.5431e-06
1.88508e-06
2.2799e-06
2.73248e-06
3.24793e-06
3.8315e-06
4.48861e-06
5.22485e-06
6.04594e-06
6.95776e-06
7.96633e-06
9.07778e-06
1.02984e-05
1.16346e-05
1.30929e-05
1.46799e-05
1.64025e-05
1.82674e-05
2.02816e-05
2.24521e-05
2.47862e-05
2.7291e-05
2.99739e-05
3.28423e-05
3.59037e-05
3.91656e-05
4.26356e-05
4.63215e-05
5.02309e-05
5.43717e-05
5.87518e-05
6.3379e-05
6.82613e-05
7.34067e-05
7.88232e-05
8.4519e-05
9.05021e-05
9.67806e-05
0.000103363
0.000110257
0.000117471
0.000125013
0.000132892
0.000141115
0.000149692
0.00015863
0.000167937
0.000177622
0.000187694
0.000198159
0.000209028
0.000220307
0.000232005
0.000244131
0.000256692
0.000269697
0.000283154
0.000297072
0.000311457
0.000326319
0.000341665
0.000357504
0.000373843
0.000390691
0.000408055
0.000425944
0.000444364
0.000463325
0.000482834
0.000502898
0.000523525
0.000544724
0.000566501
0.000588863
0.00061182
0.000635377
0.000659543
0.000684325
0.00070973
0.000735764
0.000762437
0.000789753
0.000817722
0.000846349
0.000875641
0.000905605
0.000936249
0.000967578
0.0009996
0.00103232
0.00106575
0.00109989
0.00113474
0.00117032
0.00120664
0.00124368
0.00128148
0.00132002
0.00135931
0.00139937
0.0014402
0.00148179
0.00152417
0.00156732
0.00161127
0.00165601
0.00170155
0.0017479
0.00179505
0.00184302
0.00189181
0.00194143
0.00199187
0.00204315
0.00209527
0.00214823
0.00220204
0.0022567
0.00231222
0.0023686
0.00242585
0.00248396
0.00254295
0.00260281
0.00266356
0.00272519
0.00278771
0.00285112
0.00291542
0.00298063
0.00304673
0.00311374
0.00318166
0.00325049
0.00332024
0.0033909
0.00346248
0.00353498
0.00360841
0.00368277
0.00375806
0.00383427
0.00391143
0.00398952
0.00406855
0.00414852
0.00422943
0.00431128
0.00439409
0.00447784
0.00456254
0.00464819
0.0047348
0.00482236
0.00491087
0.00500034
0.00509077
0.00518215
0.0052745
0.0053678
0.00546207
0.0055573
0.00565349
0.00575064
0.00584876
0.00594784
0.00604788
0.00614889
0.00625086
0.0063538
0.0064577
0.00656256
0.00666839
0.00677518
0.00688294
0.00699166
0.00710134
0.00721198
0.00732358
0.00743615
0.00754967
0.00766416
0.0077796
0.00789599
0.00801335
0.00813166
0.00825092
0.00837113
0.0084923
0.00861442
0.00873748
0.00886149
0.00898645
0.00911234
0.00923918
0.00936696
0.00949568
0.00962533
0.00975592
0.00988744
0.0100199
0.0101533
0.0102876
0.0104228
0.0105589
0.010696
0.010834
0.0109729
0.0111127
0.0112534
0.011395
0.0115375
0.0116809
0.0118252
0.0119704
0.0121165
0.0122635
0.0124114
0.0125601
0.0127097
0.0128602
0.0130116
0.0131638
0.0133169
0.0134709
0.0136257
0.0137814
0.0139379
0.0140953
0.0142535
0.0144125
0.0145724
0.0147331
0.0148946
0.015057
0.0152202
0.0153842
0.015549
0.0157146
0.015881
0.0160482
0.0162162
0.016385
0.0165546
0.0167249
0.0168961
0.017068
0.0172407
0.0174141
0.0175883
0.0177632
0.0179389
0.0181154
0.0182925
0.0184704
0.0186491
0.0188285
0.0190085
0.0191893
0.0193708
0.0195531
0.019736
0.0199196
0.0201039
0.0202889
0.0204745
0.0206609
0.0208479
0.0210355
0.0212239
0.0214129
0.0216025
0.0217928
0.0219837
0.0221752
0.0223674
0.0225602
0.0227536
0.0229476
0.0231422
0.0233374
0.0235333
0.0237297
0.0239266
0.0241242
0.0243223
0.024521
0.0247203
0.0249201
0.0251205
0.0253214
0.0255228
0.0257248
0.0259273
0.0261304
0.0263339
0.0265379
0.0267425
0.0269475
0.0271531
0.0273591
0.0275656
0.0277726
0.02798
0.0281879
0.0283963
0.0286051
0.0288144
0.0290241
0.0292342
0.0294448
0.0296557
0.0298671
0.0300789
0.0302911
0.0305037
0.0307167
0.0309301
0.0311438
0.031358
0.0315725
0.0317873
0.0320025
0.0322181
0.032434
0.0326502
0.0328668
0.0330837
0.0333009
0.0335184
0.0337362
0.0339544
0.0341728
0.0343915
0.0346105
0.0348298
0.0350493
0.0352691
0.0354892
0.0357095
0.0359301
0.0361509
0.0363719
0.0365932
0.0368147
0.0370364
0.0372583
0.0374804
0.0377027
0.0379252
0.0381479
0.0383708
0.0385939
0.0388171
0.0390405
0.039264
0.0394877
0.0397115
0.0399355
0.0401596
0.0403838
0.0406082
0.0408327
0.0410572
0.0412819
0.0415067
0.0417316
0.0419565
0.0421816
0.0424067
0.0426319
0.0428571
0.0430824
0.0433078
0.0435332
0.0437586
0.0439841
0.0442096
0.0444351
0.0446607
0.0448862
0.0451118
0.0453373
0.0455629
0.0457884
0.0460139
0.0462394
0.0464649
0.0466904
0.0469158
0.0471411
0.0473664
0.0475917
0.0478169
0.048042
0.048267
0.048492
0.0487169
0.0489417
0.0491664
0.049391
0.0496155
0.0498399
0.0500642
0.0502884
0.0505124
0.0507363
0.0509601
0.0511837
0.0514072
0.0516305
0.0518537
0.0520767
0.0522995
0.0525222
0.0527447
0.052967
0.0531891
0.053411
0.0536328
0.0538543
0.0540756
0.0542967
0.0545176
0.0547383
0.0549588
0.055179
0.0553989
0.0556187
0.0558382
0.0560574
0.0562764
0.0564951
0.0567136
0.0569318
0.0571497
0.0573673
0.0575847
0.0578017
0.0580185
0.0582349
0.0584511
0.058667
0.0588825
0.0590978
0.0593127
0.0595273
0.0597415
0.0599555
0.060169
0.0603823
0.0605952
0.0608077
0.0610199
0.0612318
0.0614433
0.0616544
0.0618651
0.0620755
0.0622854
0.062495
0.0627042
0.0629131
0.0631215
0.0633295
0.0635371
0.0637443
0.0639511
0.0641575
0.0643635
0.064569
0.0647741
0.0649788
0.0651831
0.0653869
0.0655902
0.0657932
0.0659956
0.0661976
0.0663992
0.0666003
0.0668009
0.0670011
0.0672008
0.0674
0.0675988
0.067797
0.0679948
0.0681921
0.0683889
0.0685852
0.068781
0.0689763
0.0691711
0.0693654
0.0695592
0.0697524
0.0699452
0.0701374
0.0703291
0.0705203
0.0707109
0.070901
0.0710906
0.0712796
0.0714681
0.0716561
0.0718435
0.0720303
0.0722166
0.0724023
0.0725875
0.0727721
0.0729562
0.0731396
0.0733225
0.0735049
0.0736866
0.0738678
0.0740484
0.0742284
0.0744078
0.0745867
0.0747649
0.0749426
0.0751196
0.0752961
0.0754719
0.0756472
0.0758218
0.0759958
0.0761693
0.0763421
0.0765142
0.0766858
0.0768568
0.0770271
0.0771968
0.0773659
0.0775343
0.0777021
0.0778693
0.0780359
0.0782018
0.078367
0.0785317
0.0786956
0.078859
0.0790217
0.0791837
0.0793451
0.0795058
0.0796659
0.0798253
0.0799841
0.0801422
0.0802996
0.0804564
0.0806125
0.080768
0.0809227
0.0810768
0.0812303
0.081383
0.0815351
0.0816865
0.0818372
0.0819873
0.0821366
0.0822853
0.0824333
0.0825806
0.0827272
0.0828732
0.0830184
0.083163
0.0833068
0.08345
0.0835925
0.0837342
0.0838753
0.0840157
0.0841554
0.0842943
0.0844326
0.0845702
0.084707
0.0848432
0.0849786
0.0851134
0.0852474
0.0853807
0.0855134
0.0856453
0.0857765
0.0859069
0.0860367
0.0861657
0.0862941
0.0864217
0.0865486
0.0866748
0.0868002
0.086925
0.087049
0.0871723
0.0872948
0.0874167
0.0875378
0.0876582
0.0877779
0.0878969
0.0880151
0.0881326
0.0882494
0.0883654
0.0884807
0.0885953
0.0887092
0.0888223
0.0889347
0.0890464
0.0891573
0.0892675
0.089377
0.0894858
0.0895938
0.0897011
0.0898076
0.0899135
0.0900185
0.0901229
0.0902265
0.0903294
0.0904316
0.090533
0.0906337
0.0907336
0.0908328
0.0909313
0.0910291
0.0911261
0.0912224
0.0913179
0.0914127
0.0915068
0.0916002
0.0916928
0.0917846
0.0918758
0.0919662
0.0920559
0.0921448
0.092233
0.0923205
0.0924072
0.0924932
0.0925785
0.0926631
0.0927469
0.0928299
0.0929123
0.0929939
0.0930748
0.093155
0.0932344
0.0933131
0.093391
0.0934683
0.0935448
0.0936205
0.0936956
0.0937699
0.0938435
0.0939164
0.0939885
0.0940599
0.0941306
0.0942006
0.0942698
0.0943383
0.0944061
0.0944732
0.0945396
0.0946052
0.0946701
0.0947343
0.0947978
0.0948605
0.0949225
0.0949839
0.0950445
0.0951043
0.0951635
0.095222
0.0952797
0.0953367
0.095393
0.0954486
0.0955035
0.0955577
0.0956112
0.0956639
0.095716
0.0957673
0.095818
0.0958679
0.0959172
0.0959657
0.0960135
0.0960606
0.0961071
0.0961528
0.0961978
0.0962422
0.0962858
0.0963287
0.096371
0.0964125
0.0964534
0.0964936
0.0965331
0.0965719
0.09661
0.0966474
0.0966841
0.0967201
0.0967555
0.0967902
0.0968242
0.0968575
0.0968901
0.0969221
0.0969534
0.096984
0.0970139
0.0970432
0.0970717
0.0970997
0.0971269
0.0971535
0.0971794
0.0972046
0.0972292
0.0972531
0.0972764
0.0972989
0.0973209
0.0973421
0.0973628
0.0973827
0.097402
0.0974207
0.0974387
0.097456
0.0974727
0.0974887
0.0975041
0.0975189
0.097533
0.0975465
0.0975593
0.0975715
0.097583
0.097594
0.0976042
0.0976139
0.0976229
0.0976313
0.097639
0.0976461
0.0976526
0.0976585
0.0976637
0.0976684
0.0976724
0.0976757
0.0976785
0.0976807
0.0976822
0.0976831
0.0976834
0.0976831
0.0976822
0.0976807
0.0976785
0.0976758
0.0976725
0.0976685
0.097664
0.0976589
0.0976531
0.0976468
0.0976399
0.0976324
0.0976243
0.0976156
0.0976063
0.0975965
0.097586
0.097575
0.0975634
0.0975512
0.0975384
0.0975251
0.0975112
0.0974967
0.0974816
0.097466
0.0974498
0.097433
0.0974157
0.0973978
0.0973794
0.0973604
0.0973408
0.0973207
0.0973
0.0972788
0.097257
0.0972347
0.0972118
0.0971884
0.0971644
0.0971399
0.0971149
0.0970893
0.0970632
0.0970365
0.0970093
0.0969816
0.0969534
0.0969246
0.0968953
0.0968655
0.0968351
0.0968042
0.0967728
0.0967409
0.0967085
0.0966755
0.0966421
0.0966081
0.0965736
0.0965387
0.0965032
0.0964672
0.0964307
0.0963937
0.0963562
0.0963182
0.0962797
0.0962407
0.0962013
0.0961613
0.0961209
0.0960799
0.0960385
0.0959966
0.0959542
0.0959114
0.095868
0.0958242
0.0957799
0.0957352
0.0956899
0.0956442
0.0955981
0.0955514
0.0955043
0.0954568
0.0954088
0.0953603
0.0953114
0.095262
0.0952122
0.0951619
0.0951112
0.09506
0.0950084
0.0949563
0.0949038
0.0948509
0.0947975
0.0947437
0.0946894
0.0946347
0.0945796
0.0945241
0.0944681
0.0944117
0.0943549
0.0942977
0.09424
0.0941819
0.0941234
0.0940645
0.0940052
0.0939455
0.0938854
0.0938248
0.0937639
0.0937025
0.0936408
0.0935786
0.0935161
0.0934531
0.0933898
0.093326
0.0932619
0.0931974
0.0931325
0.0930672
0.0930015
0.0929355
0.0928691
0.0928023
0.0927351
0.0926675
0.0925996
0.0925313
0.0924626
0.0923936
0.0923242
0.0922544
0.0921843
0.0921138
0.0920429
0.0919717
0.0919002
0.0918283
0.091756
0.0916834
0.0916104
0.0915371
0.0914635
0.0913895
0.0913151
0.0912405
0.0911654
0.0910901
0.0910144
0.0909384
0.0908621
0.0907854
0.0907084
0.0906311
0.0905534
0.0904755
0.0903972
0.0903186
0.0902397
0.0901604
0.0900809
0.090001
0.0899209
0.0898404
0.0897596
0.0896785
0.0895971
0.0895155
0.0894335
0.0893512
0.0892686
0.0891858
0.0891026
0.0890191
0.0889354
0.0888514
0.0887671
0.0886825
0.0885976
0.0885124
0.088427
0.0883413
0.0882553
0.088169
0.0880825
0.0879957
0.0879086
0.0878213
