2500
0.393178
-1.22396
1.55781
0.511319
-1.57363
0.752412
-0.279143
-1.84047
0.0670641
-1.33893
-0.412429
0.284823
-1.10325
-0.826123
-0.373121
1.05943
0.172036
-0.329569
0.661139
1.06017
-1.28744
-1.41556
0.354805
0.178082
-0.947537
0.350556
-0.491702
-2.08826
1.7349
0.458691
0.490641
-1.52535
0.893686
0.73028
-0.0168275
0.551771
0.28235
-0.428054
1.74798
-0.783263
0.108967
-0.589659
-0.576316
0.946644
-0.976365
-0.0155402
0.0533469
0.41673
-0.256662
0.224681
-1.87237
-0.50465
0.474356
0.0530655
-1.32013
0.112408
-1.7335
0.212119
-0.0582525
0.270299
0.497546
0.498119
-1.05866
0.727215
1.26384
0.0487343
-0.170396
-1.79716
-1.15933
-1.27863
-0.79008
-0.41281
0.193512
0.473846
1.0328
-1.01513
0.384372
-0.372757
-1.16064
-0.882021
-0.540447
-0.202661
-0.922747
-1.77019
-0.398237
1.08279
-0.573119
1.06583
1.82492
1.17335
-1.78772
1.74036
0.679138
1.52579
0.207156
0.688123
-0.903571
0.0792074
1.05882
-0.350914
-1.75775
0.919694
0.349275
-2.16018
-1.23706
-0.412883
-0.412049
-0.353786
-0.966728
-0.291433
-0.312191
0.937766
-0.233968
-1.61568
-1.15395
-0.21989
0.11377
-1.43713
-1.04701
0.10454
-0.073343
-0.605153
-1.39307
-1.01139
1.17416
2.34496
-0.493832
0.788515
-0.0956795
0.186331
-0.504144
0.435215
0.986543
0.92388
0.136923
0.287501
0.151436
0.676195
0.769546
1.37809
-1.36283
-1.13959
-0.110497
-0.893063
1.59932
0.667134
0.0618545
0.0555239
0.853634
-0.38035
-1.03946
1.12501
-0.844143
-0.992365
-2.07929
-1.32173
-0.690483
1.0181
-1.01761
0.101802
0.840446
0.477598
-0.970581
-0.445685
0.714185
-0.45919
0.345739
-0.0687718
-0.320623
0.849075
0.382684
1.13067
-0.223421
0.069133
0.47882
-0.871936
-1.91665
-0.1558
-2.6542
0.52055
-0.684906
-0.890228
1.13547
-0.545586
0.756015
-1.35998
0.838861
0.0892847
0.156213
0.646197
0.872597
-1.31848
1.3844
0.946687
2.25639
0.680218
-0.0556174
0.972281
0.276705
-0.351497
-0.138864
-1.88254
-0.0906077
0.0798099
-0.215469
-2.15382
0.762575
0.356743
0.153904
-0.412348
-0.517259
-0.77061
2.37738
0.122734
-0.243727
-0.30179
1.27212
1.04727
-2.26766
-1.25832
-1.61442
-0.917831
0.617483
0.865781
-0.51159
0.0469228
-1.52483
1.04744
0.772722
-0.429752
0.494739
0.292168
0.19927
0.589133
-0.22231
0.0784396
-0.717669
0.513928
-1.36351
0.4357
-0.779523
0.222335
0.1649
-1.01986
-1.57105
0.983496
-0.634968
-0.0694308
1.06048
0.387724
1.07928
0.0889822
-0.892739
-0.229997
-0.581044
-1.15821
0.139561
0.202169
-0.0452601
1.23526
1.42551
-0.784593
-0.350961
0.166239
0.587887
0.910507
1.12999
1.17689
-0.346169
-0.723639
-1.93183
-0.0707824
0.0198842
-1.6725
1.71049
-0.46102
-0.742513
-0.117865
1.19246
0.813753
0.758598
0.153467
1.15241
0.607479
-1.74257
0.538837
0.582864
2.60261
0.289769
-1.35592
0.0363909
2.06267
-0.751198
-0.370748
0.414216
1.179
0.596654
-0.608206
0.354059
1.38861
1.7273
0.877768
-0.191158
0.60745
0.128555
-1.09046
-0.728695
0.826645
-0.357592
1.0375
-0.354767
0.12182
0.158786
0.345096
-1.12372
-0.504309
0.903192
-0.19338
0.73883
0.519919
0.740233
-1.18954
0.0573942
0.0207971
-1.74
0.31603
0.0759315
0.425485
-0.135767
0.132882
-1.35167
-0.0165883
-0.50157
0.489221
-1.52097
0.789132
-1.42078
1.69843
0.595644
1.47467
1.69024
-0.235506
0.953971
1.90887
-1.00661
0.476565
-0.695297
1.81179
0.633573
0.0458802
0.263863
0.605264
-0.90561
-0.387792
-0.75118
0.633786
-0.440459
0.0292651
0.301815
-0.301815
-1.07138
0.107596
1.00853
-1.49754
-0.825629
-1.21586
1.28462
0.0638503
0.40181
0.674184
-0.419042
-0.605539
1.26071
0.548454
-0.916584
0.534201
-1.32484
0.143323
0.545475
0.83042
0.420804
-1.35994
1.57278
-1.72463
1.84868
-0.144567
1.95575
-0.171064
0.124653
-0.59959
1.57081
0.568167
0.0524598
-0.191565
1.37985
1.13773
-0.0771237
1.24753
-0.246893
-0.920945
-0.591962
-0.411496
0.180367
0.016334
-0.757657
0.903957
0.890674
-1.57437
0.3117
-0.579136
0.960048
0.0152805
0.208921
-0.469857
1.56272
0.735815
0.949621
-0.553944
-0.978357
-0.90745
0.100398
-0.41566
0.194424
0.524591
-0.760712
-1.62286
0.333988
1.06775
0.393575
-0.791703
-0.420968
-1.81434
0.314268
-0.399845
-0.944671
-0.356928
0.285782
-0.107978
-0.0669868
-0.0633617
-0.125422
-1.38496
0.0731073
-0.914566
0.308757
-0.481431
0.0444335
1.75515
0.930156
-0.377159
0.400082
0.251098
0.598996
3.46789
-0.00747087
0.608751
-0.361306
0.972009
0.247269
0.0892775
-0.0733288
1.27761
-0.0392787
-1.05542
1.72716
-0.918507
-0.32136
-0.235199
1.19
2.1148
-1.95544
-0.119006
-0.0452397
1.78699
-0.527864
0.446064
0.77957
-0.402384
-1.50754
1.39613
-0.836086
0.418642
0.098481
0.776397
0.491472
0.299078
-0.212137
-1.28694
-0.34814
-0.296947
-0.261773
-0.300659
0.154772
-2.12598
1.13578
0.374486
-2.13974
-0.789298
-0.406824
0.0191259
-0.0342397
-0.0711543
0.0109892
-0.21051
0.167062
0.749334
0.453331
-0.539395
-0.723392
0.51134
1.819
-0.0886625
-1.38411
-0.262647
0.656502
-0.442312
-1.12593
-1.79781
-1.61363
-1.81364
-0.632206
1.35683
1.11216
-0.42705
0.141115
-0.380306
-0.656933
0.383379
-0.33463
1.02148
-1.32908
-1.14869
-0.367645
0.287822
0.12147
0.183005
0.0572578
0.48729
0.849348
2.32585
1.92838
-1.57702
0.434696
0.448758
0.203299
0.451836
1.48416
0.113199
-1.47045
-0.0592427
-1.56693
-0.388985
1.15742
-0.536866
1.33329
0.00511311
1.38462
1.9351
0.847447
1.2236
-0.411645
0.0571144
-1.57378
1.57862
-0.722005
-0.0809098
0.687999
0.115578
-0.140116
-0.402265
-0.835621
0.382742
-0.105787
0.430369
-0.702445
0.783744
0.68794
0.492439
-0.931606
0.139286
-2.8101
0.602789
-0.650023
-0.100885
-0.198778
-1.67781
1.57359
-1.61827
0.517638
-0.892093
1.09646
0.890733
0.190905
0.520296
0.23909
1.21415
-1.09822
-0.229197
0.331826
1.76158
0.257907
-1.12034
-0.88231
-1.1954
0.232594
-1.5701
0.805945
-1.73753
0.116845
-0.779463
-0.054606
1.2996
-0.587687
-0.994717
0.279809
1.08954
0.471544
-2.04121
-0.651239
-0.886236
0.555656
1.06996
-1.06295
-1.61147
-0.59198
1.01081
-0.231333
-0.217808
0.796365
2.68445
1.32824
1.28514
-0.65311
0.186686
1.1974
-0.368751
0.732208
-1.98497
0.881158
0.913158
-1.52167
0.15606
-1.14703
1.74621
-2.0941
-0.106499
-0.0391337
-1.20721
0.516577
-0.19518
-1.08531
0.337425
0.133773
-0.952077
-0.5338
-1.92031
-1.26824
-0.559556
0.59628
0.344466
-0.241361
-0.128654
-0.356529
-0.47689
-1.56041
0.580703
-2.31108
0.284595
1.22022
1.27233
-1.2133
0.266352
-0.438277
1.85658
0.0209821
-0.724469
-0.0281765
-0.0620496
0.211204
-0.533465
0.409029
-0.760673
-1.28081
0.553989
-0.63597
-0.0444604
-0.136455
-0.388633
-0.683003
1.10797
0.304619
0.392346
3.28794
-0.379312
0.0547302
1.28494
-0.0746457
0.673103
-0.455418
0.321526
0.113885
-1.46355
-1.34071
-0.314599
1.29521
0.182744
-1.93773
-0.563141
0.910768
1.34568
-0.165377
-0.150699
1.06231
-1.39399
0.41658
-1.98277
-0.735974
-0.258728
-1.35605
-0.926921
0.139013
-0.131389
-0.46906
0.484232
0.852207
0.129755
1.01665
-0.880718
0.102517
0.759185
1.624
-0.92163
1.96841
0.152411
-0.953296
-0.49902
-0.347752
0.873952
0.300348
-0.98875
0.181927
0.367194
1.20301
-0.752135
0.322387
1.20718
-0.298181
-1.22014
-0.0482674
0.0711982
1.88251
-1.26937
0.205702
0.658068
-0.507942
0.576887
-1.01268
-0.686526
1.29309
0.779433
-0.519286
0.339962
-0.154985
2.6558
-1.82586
0.42807
-0.732226
0.973957
-0.694428
-0.237411
-1.30749
-1.30548
-0.0926919
0.538486
0.861517
-0.192246
0.386039
-0.438098
-0.845603
0.166684
-1.65279
-1.36758
-0.691819
-1.07736
3.03292
2.11781
0.0147342
-1.011
0.543397
-0.615011
0.30435
-0.274045
-0.946593
-1.65834
-0.833621
-2.08221
0.476811
-0.0542661
0.364739
0.593717
1.78684
-0.818431
0.448001
0.874108
-0.0505848
0.442954
-0.688364
-0.409724
-1.58459
-0.823683
-0.309247
0.537455
-0.769098
0.972754
-0.911292
0.501797
1.19463
1.42087
0.157997
0.448886
-0.205644
0.856423
1.25948
-1.75808
-0.910732
-1.27954
-0.929935
-0.0137311
-0.191565
-0.879871
0.800366
-1.34761
-0.934054
0.576042
-1.18805
-1.16103
0.033065
0.721001
0.935002
0.767936
0.509991
-0.497816
-0.87997
-0.764084
0.933532
-0.962621
-0.100723
0.482625
-0.658944
-1.43864
-0.498296
0.417649
-0.91849
-0.628085
0.394363
0.236269
0.421778
-1.88164
0.82186
0.122717
0.597133
0.400318
-0.0303023
-0.268543
-0.137507
-1.97783
0.932367
1.94138
-1.9894
-1.01721
-1.90647
1.28819
1.54343
0.879824
-1.46928
-2.08452
-0.267645
-1.90486
0.335557
-0.339961
0.551234
-0.651814
1.71214
0.612613
0.467221
-1.3258
0.152094
1.10869
-0.32549
2.10787
-0.373259
-0.308247
0.636764
-1.21985
-0.0140422
-0.413586
-1.09696
0.442104
0.537448
0.299309
1.23715
-0.668304
0.493971
-0.506247
-0.272871
1.06592
0.599296
-1.25711
0.0830071
-0.569363
-0.92071
1.25043
-1.51827
-1.04894
1.05695
-0.355247
0.482977
1.83673
-1.32851
0.512754
0.383888
0.305436
-0.717806
-0.975255
0.835932
-0.568108
-0.369409
1.24611
0.431675
-0.916333
-0.590238
-0.430426
0.461248
2.21436
-2.34114
0.872782
-1.19199
1.1573
-1.94841
-0.282532
0.730367
0.88683
-0.230036
0.161482
-0.323602
-0.187605
2.31506
-2.92693
-0.500608
0.423525
-0.400355
0.214587
0.852107
0.286582
-1.21614
-0.484452
-1.08373
-0.808912
-0.202402
0.317872
0.595801
-0.108803
0.4555
0.113911
-0.460159
-1.00566
-1.0943
-0.584913
1.83078
0.0488073
0.348641
0.940144
0.0908194
2.09444
0.00412226
0.488588
-0.369858
1.05468
-1.121
-0.77893
0.669275
2.0644
-0.492794
0.372411
-1.61356
-2.48857
0.412559
-1.44857
-0.849622
0.153136
-1.95743
2.26744
0.0106713
-0.131279
-0.0689097
-0.553463
1.10575
-2.62106
-0.0913654
0.68452
-0.746103
-0.627546
-0.258842
0.82198
0.195152
-1.19245
-1.0661
-1.29651
0.156583
0.0171216
1.83185
0.204215
0.169841
-0.769438
0.184114
0.187319
-0.0258948
0.473375
0.643927
-1.13264
-0.943455
1.31641
-0.980101
0.897598
0.916993
-1.31969
0.33561
0.0830407
-0.716133
0.567096
0.373114
0.113339
-1.49995
0.819578
-0.0945937
0.158993
-0.30562
-1.34291
0.921367
-1.10659
0.0907291
-0.853987
1.19217
-0.00205736
-1.37321
-0.571271
1.24227
-0.901543
0.839073
-0.187744
0.351265
0.848949
-0.332476
0.454454
2.39486
-0.874029
-0.883052
-1.30526
-1.35028
1.63762
-1.12133
0.120219
0.327627
-0.0809989
-1.9676
0.855078
0.398094
-0.696183
-0.479058
1.09089
-0.14645
-0.837336
-0.890189
0.882033
-2.06384
0.610964
0.109336
1.34187
-0.101437
-0.0258018
-0.86875
-1.6038
-0.86909
0.596998
1.67492
-1.69625
0.232832
0.246815
-2.04144
1.42432
0.225144
0.213206
-0.904479
0.457888
-1.89063
-1.40556
-0.760029
0.307837
-0.379135
0.521162
1.04272
0.961588
-0.400623
-0.192497
-1.12295
0.375277
-0.571664
1.14553
0.35818
-1.35474
-1.20086
0.897415
0.987457
0.333578
1.25484
0.47577
-1.09161
-0.775706
-1.39641
-0.439731
0.239685
0.142167
0.140523
-0.745998
0.43529
-0.641821
0.784906
0.473118
0.247176
-0.00298605
-0.665086
0.0891608
1.12272
-0.427648
-0.148752
0.701321
-0.895465
0.933342
-0.865963
-0.490562
-1.05626
0.0675363
-0.473408
0.58161
-1.14227
-0.484731
0.0758842
-2.58586
-1.47707
0.151487
-0.554193
0.838776
-0.536416
0.073273
0.610883
-1.17686
-0.471146
-0.622452
1.50207
0.648323
-1.83031
0.474166
0.258874
-0.401953
1.29127
-1.10654
-0.165621
1.66521
-0.593645
1.44571
0.140859
1.43581
1.24856
-1.1819
0.245732
-0.400515
-0.554676
0.20135
0.0480246
0.0531711
0.256782
-1.87448
0.651275
1.52658
0.12381
0.150628
0.219893
-1.11216
1.59186
0.183335
-0.211382
-1.04282
2.78162
-0.871831
0.244566
0.156187
-0.231662
0.385497
-1.25474
0.342059
0.229107
1.12915
-0.92971
2.06736
0.277153
-1.16803
0.222461
-1.13085
-0.475233
-1.99261
0.777405
-0.914264
1.92201
-0.183722
-0.0476912
0.23691
-0.267352
0.168295
0.504101
1.43484
-0.27726
0.136972
0.0699977
-1.31664
-0.722445
0.649006
0.971715
-0.601585
0.828551
-0.257423
-0.494522
0.916291
0.157455
-0.335905
0.473025
-0.352368
-0.594258
1.23011
-0.558658
-0.965771
0.995596
1.77011
-0.903952
-1.12547
1.1417
-0.562119
-0.674427
0.756559
-0.534105
0.343551
-0.503035
-0.739876
-1.16922
-1.13041
-0.570059
0.271895
-1.08379
0.383339
0.743118
0.0991866
-0.372286
-0.786353
1.50587
-1.40697
-0.467654
-0.485196
1.26753
0.65456
0.316917
-0.325415
-2.52092
-0.0551141
-1.77384
1.41189
0.594106
2.05309
-0.881618
-2.00028
-0.559933
-1.94899
2.5905
0.620978
0.271748
-1.97248
-0.644234
-0.728855
-0.392291
-0.0120391
-0.753678
-0.629244
0.597117
1.02138
-0.014774
-0.440114
-0.603455
-0.777859
0.683399
-0.296524
2.91677
-0.356343
0.398819
0.338592
0.801686
-1.41581
-0.00697781
-1.01083
-0.182601
0.430988
-1.73234
-1.65822
0.67314
0.479311
1.26781
-0.170457
0.145718
0.384996
0.241978
-1.45752
-0.624257
2.33393
1.11521
1.20559
1.20664
1.19696
-0.917496
-1.33676
-0.260831
-0.616288
0.202452
-0.476061
0.092532
-0.612468
2.30545
-0.12434
-0.165642
-0.991838
-0.5748
0.53974
0.0836275
-1.08276
-1.35209
1.15193
0.649279
-0.655031
-0.496351
-1.43295
-0.437047
-0.292389
-0.621918
-0.746939
-0.621856
-0.632924
1.78533
0.478623
-0.554779
-1.98545
0.338243
0.972277
-0.881233
-0.633616
0.720466
0.677562
-0.719931
-0.966835
-0.0628014
-1.89249
0.196479
-0.988758
0.100282
0.404626
-0.776654
0.766005
1.28902
-0.802821
1.03337
-0.817993
-1.38799
0.575547
-0.466312
-1.0663
0.80582
0.577754
0.953939
-0.921923
0.618861
0.947676
0.00734744
-0.319263
-0.951973
0.365749
-0.397608
-0.0251164
-0.580465
0.0394618
0.69535
-1.31727
0.586223
-0.505092
0.166925
0.198538
0.0222547
-0.00735669
2.81707
0.211602
-1.92081
1.34618
-0.921201
-0.28524
0.161587
1.10539
1.14672
3.80915
-0.548727
1.38057
2.24587
-0.805044
0.508491
0.266303
1.18552
1.39315
-0.026205
-0.409844
1.8908
0.981475
-0.305534
0.491828
-1.30228
-0.578158
0.360213
1.55792
-1.04446
0.258009
1.48381
0.829327
-0.721203
-0.273601
-1.55004
2.04375
0.15834
-2.40403
0.902128
-0.923482
1.64862
-0.880801
-0.201373
-0.782877
-0.0680738
1.10114
0.952662
1.91358
0.0260389
-0.328921
-0.355279
-2.10745
-1.2632
0.107804
1.03493
-1.15293
0.980604
1.38839
0.618917
-1.78128
1.27553
-0.450606
1.1263
-1.11299
1.7233
-0.775778
-0.776336
-0.177149
0.954632
-0.0855283
0.431836
-0.095842
-0.72766
-0.898539
0.965427
0.0980778
0.0527931
-0.245883
-0.688785
-0.61829
-3.98101
-1.65794
-0.352919
0.967583
-1.19736
0.301388
1.46545
0.504776
1.33694
-0.948116
0.824808
0.0703909
-0.387546
0.82389
-1.30485
1.16995
1.16603
0.711716
1.11705
0.0276364
0.320703
1.22823
1.17475
-1.1952
0.644043
1.8242
0.0939806
0.677354
1.03417
0.0661237
-0.846688
1.38656
-0.713928
-0.0205398
-0.332085
-0.719913
-0.00118417
0.617565
-0.797027
-1.23131
0.688625
1.15492
-2.11499
0.202986
0.490451
-0.745718
-1.08507
0.464639
1.86434
0.0353951
0.61108
0.405435
0.727717
-0.246456
-0.00149298
-1.94654
-0.450394
0.148215
-0.356394
-0.36232
0.651737
-0.150164
1.89253
0.762316
-1.23697
-0.733377
-0.318564
0.616889
-0.94088
-1.10308
0.225293
1.48351
-0.670022
1.42158
0.803395
0.946299
-0.136628
0.386515
-1.80951
-2.31226
-0.135974
-0.363668
-0.8493
0.466814
0.000302246
0.394068
-0.787263
-0.134116
-0.543599
1.76037
0.178893
-1.25228
0.562552
1.76867
-0.165722
0.634681
0.602515
-1.04575
0.41043
-0.00857943
2.67169
-1.12953
0.948748
0.510396
0.339399
-1.76638
0.300852
0.595983
2.43705
0.400758
-2.03844
1.41121
0.244989
0.778509
1.25301
-1.14754
-0.377395
-1.03284
1.04581
-0.586631
-0.997721
-1.75573
-0.238843
-0.0149495
0.457814
-1.1916
-0.577729
1.43825
-0.390566
1.01598
-0.201887
-1.77996
0.294771
-0.0157279
-0.317982
0.665043
2.34223
-0.186778
2.22173
1.244
0.360318
-0.430061
1.20563
-1.01642
-1.28856
-0.983918
-0.533378
-0.818488
-1.1728
0.948648
-1.27348
0.693297
-1.17256
-0.132767
0.609781
-0.145802
-1.01584
0.694367
1.32591
3.17517
0.784799
0.58485
0.593794
-0.801601
0.529268
1.11241
1.2896
-2.05388
-1.0482
0.616035
-2.2757
-2.13279
0.544934
1.46258
0.559427
0.202832
0.269313
0.0111606
0.213796
0.802407
2.05949
-0.204437
-0.346008
0.882348
0.434888
-0.7076
-1.55425
-0.359365
1.00749
1.20579
0.0842233
-0.818128
-0.705083
1.17483
2.63737
-0.751135
-0.0831296
0.0547877
-0.0898127
0.272921
-0.781232
-0.365105
0.669011
-1.09135
1.11572
-0.458139
-1.13215
-1.39747
-0.561998
-0.174371
-0.229615
1.45915
-0.169456
-0.217913
-1.38625
-1.74163
-0.358358
-0.479337
0.970491
-0.55495
-0.752464
-2.0184
-0.419881
-0.84788
0.874358
1.46387
1.52442
-0.750184
1.49114
1.29878
0.754602
1.08821
1.00088
-0.0871575
0.190732
0.0778494
-0.841157
-0.225848
0.800865
1.37777
-0.815795
0.617738
1.21933
-1.1498
2.2583
1.20097
-0.0402061
0.621337
0.987057
0.00170339
0.78316
0.393645
-0.304585
1.6697
-0.641482
1.20346
0.254923
-1.86891
0.311317
-0.149072
-0.11053
0.891932
-0.511607
-0.529577
0.0757727
0.69917
1.53011
-1.09839
1.49333
-0.166477
1.21869
-0.582128
0.0262952
-1.06284
-1.0298
1.96176
-0.869524
-0.103016
0.267585
-1.32531
1.2832
-0.175783
-0.0298359
0.814296
-1.13544
-1.35733
0.0367895
-0.0232276
-0.363623
0.368819
-0.638884
0.430798
-0.845893
0.843625
-0.0756061
-0.763141
1.07766
-0.699039
0.0374285
1.23504
0.0232753
-0.196459
1.58286
0.114928
0.422838
-0.57588
0.39659
1.27132
-0.132803
-1.36991
-0.567507
-0.462834
-0.487959
-1.39659
1.09029
-0.0483245
0.848022
0.270442
-0.404017
0.309111
0.170879
0.853081
1.69787
0.974774
-0.854282
0.200285
-0.110656
1.14374
-0.787847
-0.990598
-0.16824
1.71153
1.27558
-0.492888
-0.392713
2.36546
0.493534
-0.159063
-0.599279
0.630652
0.646919
0.0959613
1.43819
-0.736062
-0.854953
2.60305
0.0815415
0.0571245
-0.503488
1.17145
-0.521939
-0.127447
-0.886351
-0.517492
1.04174
-0.211371
1.00706
0.709249
0.262031
-0.914707
1.1942
0.846887
-0.695121
0.413746
1.13487
0.547444
-1.10733
1.22789
-1.05018
1.50642
1.60279
-0.183348
0.168667
0.744427
-0.30551
-0.819978
0.546311
-0.113577
-0.382575
-0.617958
0.169614
-1.17925
1.23941
-1.30329
0.321877
-1.66314
-0.874297
1.21155
-1.18384
1.21093
-1.03693
-2.07487
1.50744
-0.323661
-1.84872
0.931454
-0.135384
1.7661
-0.162368
-0.607052
-0.581017
0.652529
-1.23513
0.287825
-0.921609
-1.64004
-1.01808
-1.60093
0.479153
-0.324162
1.10064
0.44187
-0.0877661
0.325384
-0.280687
-1.10527
0.225549
0.304484
0.267242
-0.886483
0.97121
-0.56504
1.76136
0.533564
1.82922
-0.33151
-0.463384
1.0908
0.321961
0.427739
-2.13366
-0.0982594
-0.0446504
0.0514821
-1.35254
-0.225081
-0.307839
1.77817
-0.926802
1.25568
-0.549907
0.719029
0.79032
-0.258232
-0.302722
2.1942
0.279442
0.401665
0.895953
0.359695
0.475715
0.752193
1.84739
-1.65066
0.328279
-0.660991
0.845991
-0.915962
-0.418609
0.416687
0.537568
-0.432443
0.00389174
-0.563774
-0.176863
-1.30976
0.966114
1.55253
-2.0887
0.482937
2.15069
1.0976
-0.822353
-0.478226
-0.0566189
0.579417
-0.893914
-1.12751
0.667901
0.354535
0.298507
-0.162511
-1.16398
-0.570871
0.92925
-0.205491
-0.0494526
-0.167879
-1.44742
0.527935
0.966284
2.32903
0.415392
1.11752
0.439177
1.64703
0.358266
-0.337579
-0.381857
-0.4719
0.624553
1.38595
0.540766
-0.2944
0.612302
-0.461988
0.250745
1.6511
0.985138
-1.06744
0.13115
0.165031
1.00874
1.65979
-0.49289
0.170941
-1.11826
1.04522
0.616903
1.11577
-1.12928
-0.114505
-0.360417
-0.293365
-0.165929
0.913573
-0.584497
0.276447
-0.377741
3.43022
-1.72292
-0.229964
1.13865
-0.634125
0.0695065
-1.3364
-0.670797
-0.688258
-0.9135
1.64773
0.592183
-0.229866
0.149379
-0.577525
-0.0469594
1.85492
-0.567878
0.0801234
1.24173
-1.16375
-1.98769
0.250964
0.94239
-0.423584
0.381907
-2.06
1.81308
-1.19993
-0.0283573
-1.07923
-1.9154
1.95249
-1.26747
-1.43506
-0.674816
-1.71406
0.00508673
0.0772304
0.668566
0.788406
-0.465177
0.564388
-0.671703
0.589144
0.186238
3.30012
-0.361319
-0.927141
-1.31259
-1.60566
-0.0137319
-0.786889
-0.546207
-1.12075
-0.88369
-0.447151
1.14354
1.07296
-0.439655
0.475835
-0.0686811
0.557732
-0.133201
-0.529186
1.15904
0.835048
1.16148
0.331037
0.526427
-1.71877
0.491059
-0.950026
-1.52515
1.52223
-0.0108371
0.230514
-1.07339
0.00946793
0.870922
0.0116905
0.508523
1.37533
0.44472
-1.52154
-1.47054
-0.889473
-0.834271
1.10704
-0.148795
0.257682
-0.342777
0.0315719
0.9504
-0.741407
0.989131
-1.98779
-0.489189
1.18486
1.29045
0.512047
-1.65049
-2.14613
1.38415
1.26228
-0.374064
-1.95895
0.203746
0.260767
-0.0257851
0.0367465
-0.0229135
-1.55181
-0.999106
-1.93474
-0.775646
0.833685
0.343406
-0.852541
0.367865
1.43699
-0.929502
0.647986
-0.531875
-0.438722
-0.269686
0.907165
-0.0951314
0.400922
0.386708
-0.11836
-1.26373
1.76902
0.0879703
-0.460695
-0.871762
0.157471
0.741486
0.0861175
0.132163
0.222625
-1.06603
1.4095
-3.03884
-0.354708
0.465932
-0.329619
-0.95368
1.3952
-0.116526
-1.42002
0.788936
0.74481
-1.23716
-0.830426
-0.464446
-0.46964
0.374527
-0.175822
-0.43614
-1.62313
1.68806
-0.204917
0.13744
0.0464293
0.944964
-0.137581
-0.0900432
0.0877588
0.348633
0.694271
1.04192
-0.21224
0.769898
-0.900875
2.55465
-1.06794
0.116019
-0.0160746
0.940755
1.01778
-1.36949
-0.277599
0.57027
0.355932
-0.964191
0.297336
0.958327
-0.317812
1.46476
0.322732
-0.159372
-1.00275
-0.526793
-0.620014
0.561218
-0.853674
0.338444
-1.1806
-0.517975
0.668468
-0.521703
0.49366
-0.119264
-1.2761
1.07091
0.0271113
-0.989224
-1.4885
-0.138156
0.628184
-1.21851
-2.07332
1.24213
1.58224
0.716558
1.00837
0.412789
-1.13579
-0.327955
-0.0534783
-1.12338
-1.16597
1.87119
0.0735911
-0.936402
0.324957
0.919528
-0.466836
-2.26517
-1.09054
2.55447
-0.704282
1.03687
0.721652
0.566996
1.1731
-0.436986
-1.0442
-1.48163
1.73909
-1.16313
0.114108
-0.997938
0.565072
-0.404968
1.16193
-0.700159
0.686071
0.211663
-2.81067
0.367788
-0.633003
-1.05916
-0.0697606
-0.0109467
0.627289
0.559072
2.26882
0.632746
0.143363
-1.23019
0.594878
0.0558616
-0.519163
1.42585
0.753016
-1.08207
-0.285201
-0.35627
-0.265501
0.0808952
-0.638736
-1.8605
-0.266143
-1.4119
1.1669
-0.947297
-0.124406
0.147883
-0.173042
-0.451691
-1.84217
1.47249
-1.3449
-0.106738
1.26502
0.819318
2.32634
1.99655
0.216377
-1.53572
0.607666
-0.0250351
0.23694
-0.578668
0.425739
-0.557027
0.750763
-0.33695
-0.237597
0.175718
0.950871
-1.15357
-1.18587
-0.447651
-0.446623
0.719061
0.627517
1.35852
0.844298
-0.0290568
-0.442455
-0.322488
0.623901
0.374509
1.50862
0.0051781
1.12519
-2.35713
-1.69412
0.0880779
0.705211
2.10306
-0.876792
0.117252
-0.946177
-0.37718
0.00253136
0.0583022
0.494543
-0.267034
-0.390501
0.811091
-2.66095
-0.113873
-0.471448
-0.424333
1.35933
-0.583322
-0.847786
1.08889
0.598777
0.62054
1.11326
-0.896481
-0.335189
0.733143
-0.586998
-0.423028
-0.358447
-0.0433428
1.10748
-0.541173
0.00549993
0.651402
-0.828453
-0.763167
0.547395
-0.0701406
-1.77479
-0.651854
1.66041
-0.356655
-0.112161
-0.406645
0.461841
0.276514
-0.466595
-0.473039
0.849021
-0.287754
-0.222266
-0.545938
0.750753
-0.894801
1.34083
-0.884058
-1.0474
-0.797704
-0.145832
-0.0874655
0.524968
2.13717
-0.0984207
0.00761106
-1.89014
1.63646
0.617236
-0.749504
0.501218
1.139
-1.75518
-0.765365
0.193899
-0.544216
-0.729689
-0.114673
-1.81535
0.104301
-0.171768
0.395529
-1.43999
0.68283
0.446843
-0.802441
-0.177449
-0.782269
0.0628338
0.819614
0.48657
-0.0431762
1.70548
1.26643
-0.422416
-0.313149
-0.530964
0.460867
1.33631
0.889016
-0.397955
0.269366
-0.657067
-0.620862
-0.127214
0.629197
-0.994455
0.327365
-0.434397
-0.899951
-0.109422
-0.715942
-0.452404
2.05707
0.450343
0.306711
-2.00153
0.361791
0.119981
0.375346
-0.484207
-0.198325
-0.536379
-0.256389
-2.47189
0.578094
0.521939
0.615464
0.993709
-1.16385
2.13586
-0.885488
0.593877
-1.11777
0.560761
-1.66667
-1.00157
0.948325
-0.846027
-1.01144
-0.675542
1.56673
0.872916
2.00248
-0.0349449
-0.444497
-1.07954
0.603512
-0.960366
0.149683
0.105247
-0.187267
-1.75944
-1.26606
-0.332398
0.962381
1.60215
1.1002
0.353192
-0.851134
0.606299
0.723959
-0.397559
0.177651
-0.0826511
0.533214
-0.870201
0.348548
-0.960172
