0
0.09999
0.19998
0.29997
0.39996
0.49995
0.59994
0.69993
0.79992
0.89991
0.9999
1.09989
1.19988
1.29987
1.39986
1.49985
1.59984
1.69983
1.79982
1.89981
1.9998
2.09979
2.19978
2.29977
2.39976
2.49975
2.59974
2.69973
2.79972
2.89971
2.9997
3.09969
3.19968
3.29967
3.39966
3.49965
3.59964
3.69963
3.79962
3.89961
3.9996
4.09959
4.19958
4.29957
4.39956
4.49955
4.59954
4.69953
4.79952
4.89951
4.9995
5.09949
5.19948
5.29947
5.39946
5.49945
5.59944
5.69943
5.79942
5.89941
5.9994
6.09939
6.19938
6.29937
6.39936
6.49935
6.59934
6.69933
6.79932
6.89931
6.9993
7.09929
7.19928
7.29927
7.39926
7.49925
7.59924
7.69923
7.79922
7.89921
7.9992
8.09919
8.19918
8.29917
8.39916
8.49915
8.59914
8.69913
8.79912
8.89911
8.9991
9.09909
9.19908
9.29907
9.39906
9.49905
9.59904
9.69903
9.79902
9.89901
9.999
