0.001
44.2063
44.2063
44.2063
44.2063
44.2063
44.2063
44.2063
44.2063
44.2063
44.2063
44.2063
44.2063
44.2063
44.2063
44.2063
44.2063
44.2063
44.2063
44.2063
44.2063
44.2063
44.2063
44.2063
44.2063
44.2063
44.2063
44.2063
44.2063
44.2063
44.2063
44.2063
44.2063
44.2063
44.2063
44.2063
44.2063
44.2063
44.2063
44.2063
44.2063
44.2063
44.2063
44.2063
44.2063
44.2063
44.2063
44.2063
44.2063
44.2063
44.2063
44.2063
44.2063
44.2063
44.2063
44.2063
44.2063
44.2063
44.2063
44.2063
44.2063
44.2063
44.2063
44.2063
44.2063
44.2063
44.2063
44.2063
44.2063
44.2063
44.2063
44.2063
44.2063
44.2063
44.2063
44.2063
44.2063
44.2063
44.2063
44.2063
44.2063
44.2063
44.2063
44.2063
44.2063
44.2063
44.2063
44.2063
44.2063
44.2063
44.2063
44.2063
44.2063
44.2063
44.2063
44.2063
44.2063
44.2063
44.2063
44.2063
44.2063
